employee_id,store_id,first_name,last_name,email,job_title,salary,created_timestamp,updated_timestamp,is_active
1,9,Robert,Diaz,angelarussell@example.com,IT consultant,52919.01,2026-05-30 16:26:50,2026-06-24 07:01:18,Y
2,9,Alyssa,Pitts,omarthomas@example.com,Landscape architect,67480.97,2026-05-07 22:21:32,2026-05-18 22:19:14,Y
3,20,Megan,Garcia,brooke90@example.net,Hydrographic surveyor,52281.96,2026-05-31 13:23:50,2026-06-28 00:14:35,Y
4,14,Carolyn,Palmer,jeffreyjensen@example.org,Special effects artist,94123.17,2026-03-19 19:58:07,2026-04-18 22:49:51,Y
"5,8,Fernando,Paul,mike84@example.org,""Engineer, building services"",70179.88,2026-01-02 01:02:09,2026-01-27 10:25:49,Y"
6,11,Robert,Williams,parrishthomas@example.org,Solicitor,39154.55,2026-01-19 07:08:41,2026-02-16 11:00:01,Y
7,18,Robert,Hamilton,michaeljensen@example.com,Stage manager,79289.31,2026-03-29 15:02:33,2026-04-05 11:43:00,Y
"8,13,Kimberly,Daniels,vthompson@example.org,""Development worker, international aid"",70186.01,2026-03-14 09:18:54,2026-03-31 01:58:18,N"
"9,21,Wendy,Cooper,henry11@example.net,""Loss adjuster, chartered"",82329.66,2026-05-06 04:31:54,2026-05-28 11:59:22,Y"
"10,17,Tiffany,Compton,renee29@example.com,""Physicist, medical"",94087.4,2026-03-16 20:26:09,2026-04-08 20:34:32,Y"
11,6,Chad,Norris,danielpaula@example.com,Horticultural therapist,77453.95,2026-04-05 09:13:04,2026-04-21 16:04:56,Y
"12,20,Troy,West,gabriel85@example.org,""Pharmacist, community"",43592.76,2026-01-28 23:08:12,2026-02-24 01:16:24,Y"
13,1,David,Khan,richardbyrd@example.org,Youth worker,88128.93,2026-01-02 20:19:39,2026-01-04 21:44:26,Y
14,12,Larry,Coffey,hunter87@example.org,Statistician,36453.52,2026-04-17 08:31:10,2026-04-24 07:06:39,Y
15,6,Sara,Turner,restrada@example.org,Production engineer,88991.1,2026-05-01 12:33:45,2026-05-04 10:02:56,Y
16,5,Bruce,James,denniscummings@example.com,Interior and spatial designer,57734.58,2026-03-24 08:47:23,2026-04-11 05:04:53,Y
17,22,Jason,Key,jeffbrown@example.net,Press sub,79514.08,2026-01-09 10:09:39,2026-01-12 03:02:28,Y
18,6,James,Collier,gregory61@example.com,Ecologist,78097.35,2026-06-18 17:15:46,2026-06-22 05:19:21,N
"19,15,John,Dixon,yriley@example.org,""Clinical scientist, histocompatibility and immunogenetics"",82232.7,2026-06-15 15:11:04,2026-06-30 12:24:16,Y"
20,6,Eric,Austin,mcknightgeorge@example.com,Health service manager,44311.5,2026-05-25 20:37:11,2026-06-24 20:57:22,N
21,14,Terrence,Burnett,smithsylvia@example.com,Applications developer,82964.18,2026-06-07 06:47:26,2026-07-05 11:54:12,Y
22,8,John,Daniel,deangonzalez@example.net,Lawyer,88802.39,2026-05-30 02:40:19,2026-06-06 20:15:28,Y
23,18,Brian,Garza,chelsea52@example.com,Equality and diversity officer,91381.77,2026-04-04 22:15:50,2026-04-23 15:29:10,Y
24,16,Ashley,Levy,patricia36@example.com,Information systems manager,48131.96,2026-02-01 15:46:41,2026-02-16 15:34:37,Y
25,19,Shawn,Thomas,jamesortiz@example.com,Facilities manager,83645.81,2026-03-16 07:01:36,2026-03-26 15:56:52,Y
26,19,Lauren,Clark,zquinn@example.net,Translator,61327.76,2026-06-06 22:46:07,2026-06-12 13:24:59,Y
27,20,Theresa,Mcknight,jmurphy@example.net,Radio producer,63110.66,2026-02-14 14:04:10,2026-02-16 00:19:52,Y
28,11,Laura,Dennis,daniel27@example.com,Computer games developer,43296.52,2026-05-08 23:07:13,2026-05-24 22:05:05,N
29,5,Alexa,Andrews,ahill@example.com,Structural engineer,82594.02,2026-05-13 07:08:09,2026-05-14 04:56:15,Y
"30,18,Jeff,Brady,jessica13@example.org,""Engineer, automotive"",64336.73,2026-01-14 17:12:11,2026-01-15 18:28:59,Y"
31,22,William,Morgan,hparker@example.com,Video editor,47635.14,2026-06-25 14:33:32,2026-07-12 09:01:54,Y
"32,18,Melissa,Miller,qcruz@example.com,""Runner, broadcasting/film/video"",58660.75,2026-06-30 11:42:32,2026-07-11 16:58:12,Y"
33,21,Sarah,Daniels,marksmith@example.org,Analytical chemist,39920.59,2026-01-11 06:01:17,2026-01-20 14:00:41,Y
34,6,Samuel,Jackson,westsonya@example.org,Sport and exercise psychologist,92245.65,2026-05-27 10:07:29,2026-05-29 22:01:24,Y
35,25,Michael,Craig,breanna10@example.net,Retail merchandiser,90611.71,2026-05-27 02:01:49,2026-05-31 22:37:59,Y
36,21,Jeremiah,Cobb,robertojohnson@example.org,Sports development officer,87071.42,2026-03-31 21:01:05,2026-04-10 03:31:22,Y
"37,16,Julie,Figueroa,kristenmyers@example.com,""Teacher, music"",39958.87,2026-01-15 19:52:12,2026-02-13 20:28:38,Y"
38,5,Kimberly,Williams,oconnorstacy@example.net,Art gallery manager,78905.33,2026-05-08 02:38:07,2026-05-12 14:41:47,Y
39,15,Melinda,Perez,lgarcia@example.net,Television floor manager,80159.59,2026-02-10 03:55:43,2026-03-12 02:25:09,Y
40,13,Justin,Martin,hudsonsteven@example.net,Community education officer,59161.78,2026-01-30 19:49:47,2026-02-20 21:56:54,Y
41,24,April,Klein,david87@example.org,Licensed conveyancer,55576.34,2026-02-16 01:07:39,2026-03-11 02:35:47,Y
42,7,Elizabeth,Reyes,walkerapril@example.net,Automotive engineer,37221.38,2026-05-16 14:59:15,2026-05-23 10:47:01,Y
43,15,Jeremy,Greene,susanmorgan@example.net,Sports coach,74037.59,2026-04-21 12:21:13,2026-05-08 13:03:24,Y
44,3,John,Maldonado,clane@example.com,Rural practice surveyor,52067.03,2026-03-19 16:06:09,2026-04-13 01:17:15,Y
45,19,Steve,Huerta,stephenorr@example.com,Dealer,74895.41,2026-06-24 12:40:33,2026-06-28 23:35:33,N
46,19,Aaron,Acosta,gnixon@example.net,Animator,46619.23,2026-02-08 19:18:24,2026-02-12 20:12:16,Y
"47,24,Susan,Garcia,alexandergoodman@example.com,""Education officer, museum"",74309.38,2026-03-31 23:24:53,2026-04-26 02:16:40,Y"
"48,23,Donald,Pena,xsimmons@example.org,""Administrator, charities/voluntary organisations"",70007.53,2026-02-24 22:42:36,2026-03-16 09:51:25,Y"
49,12,Ryan,Brown,montgomerydavid@example.com,Primary school teacher,67981.7,2026-01-25 07:29:07,2026-01-29 15:41:34,Y
50,9,Veronica,Murray,michael20@example.org,Acupuncturist,91490.76,2026-04-10 09:48:59,2026-04-14 16:43:00,Y
"51,12,Martin,Nichols,dustin44@example.org,""Engineer, maintenance (IT)"",71855.07,2026-02-09 00:09:30,2026-03-10 01:36:37,Y"
52,15,Anthony,Cole,josephgreer@example.org,Drilling engineer,78130.46,2026-05-23 15:17:03,2026-05-29 10:56:06,N
"53,5,Peter,Washington,xsmith@example.org,""Engineer, land"",86600.65,2026-04-21 13:55:37,2026-04-22 03:09:45,Y"
"54,22,Carlos,Smith,toddjohnson@example.net,""Teacher, English as a foreign language"",72904.08,2026-01-28 10:20:16,2026-02-27 16:13:12,Y"
"55,1,Diane,Moreno,jeffery07@example.net,""Designer, industrial/product"",71968.23,2026-06-29 22:55:18,2026-07-01 05:58:25,Y"
56,14,Tracy,Roberts,hugheskeith@example.net,Clinical biochemist,88582.55,2026-04-14 15:36:58,2026-05-09 12:05:21,Y
57,14,Michelle,Pena,conniehernandez@example.net,Secretary/administrator,85610.32,2026-01-17 11:28:37,2026-02-07 22:51:55,Y
"58,1,Brittany,Gonzalez,angelahill@example.org,""Scientist, audiological"",41633.61,2026-03-06 15:53:06,2026-03-11 00:22:33,Y"
59,24,Travis,Armstrong,bartoncameron@example.org,Chief Operating Officer,82551.8,2026-01-31 16:07:02,2026-02-06 16:59:00,Y
60,14,Rebecca,Herrera,kevinryan@example.org,Metallurgist,65976.79,2026-01-26 14:25:17,2026-02-19 16:56:27,Y
61,5,Angela,Baker,jhopkins@example.org,Electrical engineer,70564.84,2026-05-13 03:51:46,2026-06-03 15:19:52,Y
62,2,Johnny,Scott,jamespowers@example.org,Insurance broker,59515.21,2026-01-28 10:45:03,2026-02-11 12:57:35,Y
63,10,Kayla,White,maurice23@example.com,TEFL teacher,56667.27,2026-01-14 14:45:14,2026-01-24 16:49:06,Y
64,23,Dana,Sullivan,lgarcia@example.com,Make,46793.22,2026-03-12 15:19:12,2026-04-07 03:30:19,Y
65,15,Mary,Black,james90@example.com,Immunologist,60554.5,2026-04-22 05:22:34,2026-05-19 22:05:56,Y
66,7,Gabriela,Owen,lauren92@example.org,Quarry manager,94985.52,2026-03-06 15:01:13,2026-03-10 08:01:34,Y
67,14,Michael,Reyes,vpowers@example.com,Location manager,88378.19,2026-02-21 19:25:10,2026-03-20 10:24:26,Y
"68,5,Jerry,Dudley,mary22@example.com,""Physicist, medical"",76968.64,2026-02-08 02:22:37,2026-02-10 18:38:30,Y"
69,11,Juan,Mitchell,irobinson@example.net,Mechanical engineer,72610.26,2026-01-09 01:17:25,2026-01-22 14:23:44,Y
70,4,Troy,Harris,ngalvan@example.org,Diagnostic radiographer,89835.76,2026-01-18 03:03:28,2026-02-05 18:45:57,Y
71,23,Joshua,Cole,glennedward@example.net,Proofreader,68775.25,2026-06-17 08:37:15,2026-07-05 01:42:07,Y
72,23,Carol,Jones,hwilson@example.net,Water quality scientist,38946.73,2026-06-11 22:17:36,2026-06-12 08:33:18,Y
"73,10,Michelle,Brown,ywest@example.net,""Programmer, systems"",73795.04,2026-01-11 08:39:38,2026-01-27 10:31:15,Y"
"74,21,Ashley,Taylor,juansmith@example.net,""Surveyor, hydrographic"",38907.12,2026-05-08 12:50:38,2026-05-25 04:30:52,Y"
"75,24,Lauren,Long,nicole27@example.org,""Doctor, hospital"",52556.96,2026-04-23 21:07:52,2026-05-07 09:46:27,Y"
76,16,Laura,Foster,joshua00@example.net,Print production planner,69261.07,2026-04-08 03:09:13,2026-04-23 12:12:44,Y
77,22,Joshua,Sutton,xperez@example.com,Dance movement psychotherapist,70458.5,2026-02-14 10:27:11,2026-02-21 10:11:43,Y
"78,9,Heather,Davis,ichavez@example.net,""Conservation officer, nature"",44908.56,2026-05-26 03:39:28,2026-06-20 03:44:13,Y"
79,18,Antonio,Perez,ccoleman@example.com,Broadcast presenter,85655.05,2026-06-19 04:01:13,2026-07-03 05:33:42,Y
80,21,Regina,Estrada,hjohnson@example.org,Minerals surveyor,83194.97,2026-04-16 01:53:10,2026-05-07 23:35:11,Y
81,25,Kathryn,Ross,danielrivera@example.net,Information systems manager,71912.57,2026-01-25 17:51:05,2026-02-02 05:34:49,Y
"82,1,Ashley,Gardner,amyhanson@example.net,""Teacher, English as a foreign language"",78857.4,2026-05-10 18:28:57,2026-05-14 21:34:25,Y"
"83,3,Michael,Dixon,meganmartin@example.com,""Embryologist, clinical"",93230.49,2026-06-10 18:18:59,2026-07-02 10:20:51,Y"
84,12,Ryan,Williams,xwright@example.net,Geophysical data processor,66316.78,2026-03-08 09:34:08,2026-03-13 13:03:04,Y
"85,18,Brandon,Rhodes,joseph21@example.net,""Engineer, manufacturing"",45354.5,2026-03-01 18:28:32,2026-03-13 09:27:32,Y"
86,3,John,Thomas,smithlauren@example.net,Barrister,84728.64,2026-03-08 17:02:26,2026-03-24 03:33:08,Y
87,25,Brandy,Hernandez,brenda18@example.net,Clinical biochemist,73877.12,2026-02-18 12:36:05,2026-02-28 08:01:10,Y
88,6,Jennifer,Santos,hayneslaurie@example.net,Retail banker,70994.1,2026-02-10 16:57:31,2026-03-04 11:15:21,Y
89,16,Ryan,Anderson,kathryn54@example.net,Chartered certified accountant,74875.01,2026-05-10 04:29:46,2026-06-03 17:07:28,Y
90,3,Maria,Fields,natalie93@example.org,Contracting civil engineer,82407.0,2026-01-12 18:22:14,2026-02-03 21:39:11,Y
91,6,Melissa,Cross,xgreene@example.org,Airline pilot,64250.41,2026-04-01 13:02:31,2026-04-30 06:43:46,Y
92,4,Wendy,Lewis,james47@example.com,Land/geomatics surveyor,81741.84,2026-06-26 17:35:14,2026-07-07 16:59:36,Y
93,20,Jenny,Lewis,sawyerkyle@example.net,Metallurgist,90573.63,2026-06-18 21:41:25,2026-06-24 07:21:27,Y
94,20,Christian,Smith,stacey99@example.com,Management consultant,60758.49,2026-03-14 19:24:24,2026-04-01 03:10:40,Y
95,11,Tiffany,Archer,coxisaiah@example.com,Television floor manager,41132.58,2026-05-11 09:09:04,2026-05-25 09:18:39,Y
"96,18,Julie,Conner,ktrujillo@example.org,""Lecturer, further education"",67802.71,2026-04-02 18:48:15,2026-04-29 15:14:32,Y"
97,8,Lindsey,Allison,turnererika@example.net,Television production assistant,71844.81,2026-05-27 07:17:34,2026-06-09 01:02:06,Y
98,19,Abigail,Dorsey,qbutler@example.net,Marketing executive,39088.99,2026-02-05 08:25:30,2026-02-10 00:54:08,Y
99,25,Richard,Miller,rsmith@example.net,Economist,94653.26,2026-01-17 02:19:04,2026-01-23 05:57:01,Y
"100,4,Dawn,Duran,stevensjeremy@example.org,""Research officer, trade union"",48958.93,2026-06-19 19:40:52,2026-06-25 02:26:18,Y"
101,11,John,Espinoza,abigail33@example.org,Sports therapist,68377.63,2026-04-15 00:21:11,2026-04-22 02:19:27,Y
102,25,Amy,Brooks,cynthiastanley@example.com,Press sub,53125.29,2026-03-27 22:01:58,2026-04-02 10:00:15,Y
"103,7,David,Marks,williamsrita@example.net,""Psychologist, educational"",76820.87,2026-02-01 19:06:27,2026-02-12 15:09:22,Y"
104,16,Vickie,Smith,michaelfrey@example.com,Insurance underwriter,88794.54,2026-05-26 13:25:54,2026-05-29 05:14:41,Y
105,25,Colin,Cruz,timothy60@example.org,Customer service manager,67797.27,2026-01-17 16:08:44,2026-01-26 11:43:20,Y
106,5,John,Johnson,nmcbride@example.com,Transport planner,40813.89,2026-05-19 23:00:55,2026-06-01 13:54:30,Y
107,20,Brandon,Jones,shirleygill@example.com,Tax adviser,46082.48,2026-03-11 13:33:54,2026-03-14 21:27:14,Y
108,8,Bonnie,Coffey,uhodge@example.com,Occupational hygienist,76932.84,2026-04-07 08:34:27,2026-04-27 06:09:06,Y
"109,10,Kevin,Sanchez,baileymarie@example.net,""Horticulturist, amenity"",76321.35,2026-06-28 19:35:28,2026-07-08 12:00:04,Y"
110,4,Michael,Nelson,hughescynthia@example.org,Barista,71821.83,2026-03-25 10:37:16,2026-04-05 07:40:23,Y
111,23,Christopher,Mata,kennedyderrick@example.com,Merchant navy officer,90724.9,2026-06-23 05:03:54,2026-07-14 20:27:09,Y
112,24,Elizabeth,Butler,james17@example.net,Intelligence analyst,38712.03,2026-01-12 11:07:04,2026-01-27 13:34:47,Y
"113,14,Amanda,Khan,sotocorey@example.org,""Therapist, sports"",93551.85,2026-05-18 17:51:25,2026-05-25 07:11:40,Y"
"114,13,Joseph,Hansen,grantsamantha@example.org,""Horticulturist, commercial"",64130.49,2026-01-26 16:37:16,2026-02-06 04:15:19,Y"
115,19,Harold,Quinn,scott51@example.com,Proofreader,50013.07,2026-06-02 20:41:36,2026-06-12 01:01:09,Y
116,20,Troy,Anderson,meghangay@example.net,Mining engineer,61094.48,2026-04-07 12:43:55,2026-04-16 12:39:30,Y
117,10,Laura,Spencer,ohamilton@example.net,Visual merchandiser,53884.86,2026-01-13 10:50:27,2026-01-21 15:51:19,Y
118,10,Suzanne,Swanson,jwarren@example.com,Medical laboratory scientific officer,81080.32,2026-05-06 14:21:34,2026-06-03 14:58:02,N
"119,12,Tyler,Evans,angelalewis@example.org,""Psychotherapist, dance movement"",50485.31,2026-02-19 16:51:38,2026-02-20 05:59:53,Y"
120,10,Jessica,Davis,david70@example.org,Immigration officer,38251.54,2026-04-08 04:54:40,2026-04-13 18:16:24,Y
"121,22,Jennifer,Nelson,kelseytaylor@example.com,""Administrator, arts"",60529.74,2026-03-27 19:38:22,2026-04-03 20:39:06,Y"
122,16,Laura,Singleton,nschwartz@example.org,Sports administrator,76636.98,2026-01-31 05:09:18,2026-02-05 19:37:14,Y
123,4,Susan,Cooper,zunigakathryn@example.org,Hydrogeologist,39743.9,2026-04-13 04:48:20,2026-05-02 07:12:21,Y
124,18,Peter,Hall,dennishernandez@example.net,Learning disability nurse,82812.92,2026-01-26 02:23:58,2026-02-22 19:16:14,Y
"125,19,Troy,Taylor,michaelstout@example.com,""Programmer, applications"",65976.22,2026-01-16 00:48:57,2026-02-02 00:55:27,Y"
126,20,Debbie,Harmon,ganderson@example.org,Housing manager/officer,87948.71,2026-05-07 17:08:12,2026-06-03 19:19:48,Y
"127,6,Angela,Kim,carpenterapril@example.net,""Therapist, speech and language"",73315.64,2026-01-04 08:28:08,2026-01-26 22:18:24,Y"
128,9,Amber,Olsen,harrismonica@example.org,Conference centre manager,48728.45,2026-02-07 23:07:58,2026-02-13 00:21:31,Y
129,13,Kimberly,Mccoy,lynnandrews@example.org,Theatre manager,86983.9,2026-05-03 10:14:27,2026-05-15 08:52:13,Y
130,17,Brandon,Moses,jorge77@example.org,Lexicographer,45489.71,2026-04-29 17:22:52,2026-05-19 22:46:08,Y
131,9,William,Gonzales,uduncan@example.org,Economist,56721.75,2026-06-21 17:44:48,2026-06-29 10:05:44,Y
132,21,Richard,Cain,abender@example.com,Financial trader,57045.63,2026-03-10 01:02:43,2026-04-09 14:19:02,Y
133,7,Sandra,Brown,desireemartinez@example.net,Clinical research associate,44249.83,2026-03-28 23:09:55,2026-04-04 01:17:03,Y
134,22,Megan,Jackson,derek78@example.org,Teaching laboratory technician,91405.1,2026-04-25 09:49:34,2026-05-15 09:36:05,Y
135,8,Gina,Hayes,hbrown@example.org,Risk analyst,74869.88,2026-01-22 14:28:57,2026-02-16 03:17:10,Y
136,18,Richard,Reed,terri78@example.com,English as a foreign language teacher,67333.76,2026-06-23 23:10:31,2026-06-28 23:23:26,Y
"137,3,Katherine,Stone,maria09@example.org,""Teacher, English as a foreign language"",71404.43,2026-01-19 15:22:45,2026-01-20 11:56:48,Y"
"138,13,Christopher,Smith,millerjeffery@example.org,""Teacher, music"",71532.85,2026-03-05 01:16:21,2026-03-27 21:28:23,Y"
"139,8,Amy,Long,nathan63@example.org,""Education officer, community"",54861.44,2026-02-28 10:46:34,2026-03-16 15:04:13,Y"
140,24,Angela,Scott,elizabeth72@example.com,Midwife,41230.22,2026-03-20 00:02:54,2026-04-18 22:53:34,Y
141,14,Carrie,Taylor,jeanettemueller@example.org,Environmental consultant,55720.42,2026-04-12 14:30:32,2026-04-22 07:27:36,Y
"142,14,Mary,Thompson,rsmith@example.com,""Accountant, chartered certified"",38209.23,2026-03-07 08:58:42,2026-04-06 20:14:58,Y"
143,15,Rodney,Holt,xellis@example.org,Database administrator,77274.61,2026-05-17 11:44:04,2026-06-02 07:23:17,Y
"144,8,Michael,Fields,millerkendra@example.net,""Scientist, water quality"",73618.96,2026-01-04 20:43:41,2026-01-29 20:26:01,Y"
"145,24,Virginia,Jones,roberthawkins@example.com,""Engineer, water"",58159.79,2026-05-18 14:32:32,2026-06-08 23:28:06,Y"
"146,25,Philip,Hammond,sarahyoung@example.net,""Production designer, theatre/television/film"",76435.99,2026-05-29 13:37:33,2026-06-14 18:34:29,Y"
147,15,George,Harper,elowe@example.net,Probation officer,75861.42,2026-03-22 15:37:44,2026-03-27 06:44:01,Y
148,24,Jose,Austin,joseph28@example.com,Chief Strategy Officer,92810.41,2026-03-01 01:51:05,2026-03-29 01:29:39,Y
149,19,Sarah,Whitney,xdecker@example.com,Intelligence analyst,61971.83,2026-02-14 08:08:57,2026-02-21 01:50:11,Y
"150,18,Taylor,Barry,bmarshall@example.org,""Programmer, applications"",64998.15,2026-03-02 18:50:06,2026-03-06 22:31:48,Y"
"151,23,Jessica,Stuart,aleczimmerman@example.org,""Sales professional, IT"",69684.44,2026-02-10 18:13:11,2026-02-27 11:12:14,Y"
"152,8,Teresa,Garcia,browndanielle@example.net,""Restaurant manager, fast food"",45543.75,2026-02-12 04:07:02,2026-03-10 07:07:13,Y"
153,2,Deborah,Scott,shane68@example.org,Commissioning editor,89602.45,2026-01-17 22:33:24,2026-02-01 11:57:31,Y
"154,13,David,Torres,kimberlyterry@example.net,""Nurse, mental health"",42302.16,2026-06-11 19:42:55,2026-06-29 17:13:40,Y"
"155,24,Tyler,Cole,christopherrogers@example.org,""Engineer, manufacturing systems"",49113.91,2026-03-17 06:23:24,2026-04-11 08:41:27,Y"
"156,25,Mark,Turner,anna39@example.org,""Designer, television/film set"",37841.88,2026-03-23 20:15:41,2026-04-22 22:53:13,Y"
157,19,Katrina,Wolf,leslie98@example.org,Management consultant,53983.53,2026-04-18 17:41:08,2026-04-25 04:00:34,Y
158,25,Mark,Hill,nespinoza@example.com,Metallurgist,59256.66,2026-01-26 01:00:12,2026-02-18 01:30:05,Y
"159,3,Tonya,Martinez,woodkelsey@example.org,""Scientist, research (physical sciences)"",54884.45,2026-04-05 08:21:47,2026-04-23 20:50:40,Y"
160,3,Kristen,Young,lisasmith@example.com,IT sales professional,39429.54,2026-01-12 13:27:57,2026-02-03 01:55:14,Y
161,8,Katie,Schroeder,christopher91@example.org,Building surveyor,94206.89,2026-04-11 11:19:55,2026-04-14 09:25:40,Y
162,19,Christina,Willis,vschneider@example.com,Production engineer,51131.87,2026-04-25 17:20:06,2026-05-08 13:13:05,Y
163,14,Claudia,Massey,coneill@example.net,Politician's assistant,60181.43,2026-01-11 16:39:00,2026-01-23 10:27:12,Y
"164,13,Karen,Collins,emily54@example.com,""Administrator, local government"",44558.34,2026-05-22 04:24:34,2026-06-14 23:01:13,Y"
165,21,Kayla,Hansen,davidklein@example.com,Market researcher,68945.16,2026-01-04 16:14:34,2026-01-18 09:50:07,Y
166,1,Justin,Crawford,iwalker@example.com,Jewellery designer,57259.75,2026-06-24 21:41:31,2026-07-20 16:45:54,Y
"167,13,Stacy,Arellano,davisjeremy@example.net,""Doctor, general practice"",36402.42,2026-02-16 11:29:54,2026-02-19 05:59:51,Y"
"168,15,Katherine,Roman,steven00@example.net,""Accountant, chartered management"",85956.21,2026-02-02 00:05:08,2026-02-15 22:53:30,Y"
"169,3,Amanda,Miller,jgreene@example.com,""Copywriter, advertising"",68197.76,2026-05-28 17:53:55,2026-06-03 05:54:14,Y"
170,12,Michelle,Downs,kimberly57@example.com,Research scientist (life sciences),55136.86,2026-05-27 11:59:08,2026-06-26 14:49:37,Y
171,24,David,Chambers,harrismichael@example.org,Chief Strategy Officer,43278.18,2026-01-31 14:31:29,2026-02-10 12:37:11,Y
172,21,Anne,Walker,hamiltonaustin@example.org,Retail manager,68085.55,2026-06-04 05:50:04,2026-06-07 23:33:55,Y
173,6,Ashley,Evans,swilliams@example.com,Herbalist,44763.13,2026-06-05 22:37:25,2026-07-06 03:04:42,Y
174,23,Shannon,Adams,brownjohn@example.com,Retail buyer,87898.49,2026-05-03 10:32:37,2026-05-06 00:36:28,Y
175,18,Jennifer,Padilla,nsullivan@example.com,Customer service manager,55796.69,2026-03-09 23:46:23,2026-03-18 03:53:15,Y
176,19,John,Underwood,shaunbecker@example.org,Operations geologist,43492.16,2026-05-05 01:20:27,2026-05-29 17:28:27,Y
177,2,Kimberly,Watson,zcarlson@example.net,Writer,38802.16,2026-04-04 15:53:00,2026-04-27 09:54:46,Y
178,7,Melinda,Lee,treyes@example.org,Midwife,84636.85,2026-06-30 10:26:17,2026-07-30 11:55:27,Y
179,24,Anne,Williams,amandaramsey@example.com,Barrister's clerk,88128.73,2026-05-01 05:32:10,2026-05-30 23:11:30,Y
180,23,Charles,Barnes,michaelmccoy@example.com,Fast food restaurant manager,50709.05,2026-01-15 02:31:33,2026-02-04 18:42:43,Y
181,25,Katherine,Gross,kayla97@example.org,Trade mark attorney,57388.5,2026-01-24 04:26:04,2026-02-05 22:26:03,Y
182,19,Hunter,Ross,kentlaura@example.org,Photographer,57308.09,2026-01-16 11:35:41,2026-02-07 12:40:48,Y
183,6,Raymond,Rangel,matthew37@example.org,Plant breeder/geneticist,60644.22,2026-02-15 14:56:51,2026-02-19 12:02:11,Y
184,19,Mary,Cox,gromero@example.org,Oceanographer,43169.86,2026-01-12 23:23:14,2026-02-12 13:27:06,Y
185,1,Dalton,Gardner,amymartinez@example.com,Sales promotion account executive,92418.87,2026-04-29 02:51:27,2026-05-17 13:34:27,Y
186,18,Tina,Carter,xarmstrong@example.net,Production manager,77682.59,2026-06-29 20:05:56,2026-07-16 14:56:15,Y
"187,19,Michael,Jackson,kathleenwillis@example.com,""Psychologist, clinical"",68319.98,2026-02-28 20:09:51,2026-03-19 12:39:17,Y"
"188,4,Natalie,Hodges,kathleen34@example.com,""Engineer, broadcasting (operations)"",59805.18,2026-04-16 11:08:38,2026-04-24 19:39:27,Y"
189,10,Cameron,Ruiz,joshua72@example.org,Microbiologist,83656.21,2026-06-09 23:32:59,2026-06-14 14:45:50,Y
"190,18,Tanya,Johnson,phillipsamanda@example.org,""Development worker, community"",74839.27,2026-01-19 01:16:21,2026-01-20 05:39:10,Y"
"191,24,Donald,Johnson,johnhill@example.net,""Doctor, general practice"",56596.58,2026-06-25 05:04:29,2026-07-23 14:18:25,Y"
192,13,Yolanda,Owens,owarren@example.com,Osteopath,86722.65,2026-03-03 10:55:58,2026-03-08 00:29:01,N
193,8,Ashley,Phillips,jstephens@example.org,Sports coach,94383.59,2026-04-22 01:47:27,2026-05-06 08:25:02,N
"194,8,Thomas,Smith,christine96@example.org,""Designer, jewellery"",57957.5,2026-03-18 17:32:12,2026-04-05 02:43:32,N"
"195,11,Christopher,Rivera,gcase@example.net,""Surveyor, mining"",38184.38,2026-06-11 09:25:58,2026-06-16 02:29:19,Y"
196,12,Mary,Davis,murphyjoshua@example.net,Call centre manager,39803.7,2026-03-12 22:03:25,2026-03-24 12:42:46,N
"197,18,Mary,Barker,randy89@example.org,""Administrator, local government"",91215.04,2026-02-10 06:36:11,2026-03-05 07:14:13,Y"
"198,1,Laurie,Drake,heather32@example.net,""Optician, dispensing"",74964.94,2026-03-25 03:02:31,2026-04-15 01:22:17,Y"
199,20,Jeffrey,Thompson,vanessa50@example.net,Secretary/administrator,94176.81,2026-03-01 03:05:06,2026-03-15 19:29:12,Y
"200,23,Marissa,Brady,sheapatricia@example.net,""Education officer, museum"",45628.86,2026-03-26 09:45:28,2026-04-16 21:49:11,Y"
201,9,Mary,Estrada,timothy22@example.org,Air cabin crew,76917.96,2026-04-14 22:39:23,2026-05-14 06:00:15,Y
202,11,Jessica,Myers,rojasjoyce@example.org,Social researcher,82096.01,2026-02-15 00:57:05,2026-03-08 05:08:33,Y
203,23,Stacy,Smith,qphillips@example.org,Exercise physiologist,90138.37,2026-04-02 01:00:10,2026-04-29 14:49:01,Y
204,12,Richard,Alexander,vmorales@example.com,Software engineer,92996.74,2026-01-29 10:13:55,2026-02-21 16:12:51,Y
205,15,Michael,Lynch,ksmith@example.com,Chartered management accountant,51951.17,2026-06-25 18:16:28,2026-07-16 13:37:30,N
206,15,Brian,Rogers,kevinscott@example.com,Call centre manager,70697.63,2026-05-07 03:48:28,2026-05-29 10:42:36,Y
"207,8,William,Greene,sperry@example.org,""Psychologist, prison and probation services"",74985.62,2026-04-01 22:47:37,2026-04-23 10:28:38,Y"
208,10,Kayla,Jackson,judy47@example.com,Web designer,81371.68,2026-01-13 00:25:18,2026-02-12 22:04:31,Y
209,7,Antonio,Robles,tjohnston@example.org,Accommodation manager,60704.49,2026-06-26 18:07:00,2026-07-05 05:15:02,Y
210,4,Kelly,Gallagher,crystal85@example.net,Writer,92324.71,2026-06-28 09:04:04,2026-07-15 18:44:43,N
211,25,Willie,Holmes,hermanjeremy@example.com,Automotive engineer,80002.57,2026-03-28 19:39:57,2026-04-03 13:02:19,Y
212,2,Jason,Everett,adrianbrooks@example.com,Media buyer,38559.49,2026-06-25 18:21:09,2026-06-27 05:45:13,N
"213,18,Joseph,Miller,robinwhite@example.com,""Social research officer, government"",38527.39,2026-05-26 18:00:41,2026-05-27 06:37:08,Y"
214,16,Christopher,Harris,robertataylor@example.org,Sports coach,65057.23,2026-04-23 15:16:02,2026-05-18 14:13:17,Y
215,10,Jennifer,Walker,garciamichael@example.org,Telecommunications researcher,53405.41,2026-02-02 22:56:13,2026-02-24 05:33:07,Y
216,25,Justin,Sanders,wrightedward@example.net,Secretary/administrator,85883.97,2026-04-06 07:01:00,2026-04-18 22:30:24,Y
217,3,Charles,Torres,michaelschultz@example.net,Management consultant,64593.82,2026-03-25 00:13:10,2026-04-14 12:06:10,N
"218,15,Anne,Torres,deborah76@example.net,""Accountant, chartered"",67234.33,2026-03-22 08:08:57,2026-04-03 13:27:03,Y"
219,5,Hannah,Bartlett,crossjohn@example.org,Social researcher,48130.11,2026-01-16 20:11:42,2026-02-16 14:56:31,Y
220,21,Mary,Perez,uwhite@example.org,Sports coach,88701.81,2026-03-26 03:04:00,2026-04-18 04:40:02,Y
221,18,Christopher,Williams,ryan95@example.com,Personnel officer,89811.47,2026-06-23 01:22:15,2026-06-23 22:10:49,Y
222,13,Kevin,Nguyen,brenda63@example.net,Personal assistant,61644.31,2026-03-04 00:09:56,2026-04-01 03:15:20,Y
223,15,Patricia,Patterson,youngjulie@example.com,Learning disability nurse,55044.98,2026-06-07 00:18:57,2026-06-28 11:18:55,Y
224,6,Jean,Quinn,dawn90@example.net,Web designer,40263.61,2026-05-25 17:50:34,2026-06-09 04:45:10,Y
"225,8,Molly,Jenkins,craigwilliams@example.com,""Radiographer, diagnostic"",60144.82,2026-06-01 13:19:10,2026-06-13 14:34:03,Y"
226,17,Todd,Smith,imurphy@example.org,Lawyer,46192.32,2026-02-15 00:56:44,2026-02-19 15:20:06,Y
227,4,Andre,Spencer,melissa84@example.org,Stage manager,40450.05,2026-04-29 00:44:38,2026-05-03 01:43:06,Y
228,14,Jeffrey,Butler,alishanorman@example.com,Counsellor,77025.44,2026-02-11 07:45:48,2026-02-28 07:57:00,Y
229,17,Erik,Miller,jessicakelly@example.org,Paramedic,82140.58,2026-06-15 19:46:42,2026-06-20 22:09:40,Y
230,4,Megan,Parker,catherinezamora@example.com,Fast food restaurant manager,81368.15,2026-05-06 23:00:43,2026-05-18 17:07:10,Y
231,19,Jesus,West,fjones@example.com,Building control surveyor,87843.47,2026-02-24 17:23:21,2026-03-14 10:29:07,Y
232,18,Marie,Lopez,fkline@example.org,Electrical engineer,66005.84,2026-04-29 22:30:10,2026-05-22 20:36:34,Y
233,7,Jessica,Blake,ycarter@example.net,Software engineer,39030.12,2026-03-28 07:30:34,2026-04-22 06:09:28,N
"234,17,Mark,Martinez,harrisontimothy@example.com,""Psychologist, counselling"",51566.66,2026-06-05 04:32:58,2026-06-23 20:30:09,N"
235,25,Jennifer,Silva,smithmargaret@example.org,Legal secretary,63606.32,2026-03-21 01:42:06,2026-04-06 05:52:52,Y
236,8,Parker,Jordan,davidpennington@example.org,Sub,43116.22,2026-02-15 17:13:39,2026-02-25 10:22:19,Y
237,7,Jeremy,Schneider,elizabethbenjamin@example.org,Chartered accountant,78868.54,2026-01-16 08:05:17,2026-01-24 23:22:58,Y
"238,23,Brian,Mckee,larsonseth@example.com,""Psychologist, forensic"",46776.99,2026-05-15 23:07:04,2026-05-29 10:43:42,Y"
239,7,Kim,Long,ryanamy@example.net,Forensic psychologist,93720.53,2026-02-02 23:40:47,2026-02-03 03:43:27,Y
240,16,Samantha,Diaz,crobertson@example.com,Airline pilot,56550.52,2026-06-28 04:14:54,2026-07-02 09:00:22,Y
241,25,Ashley,Smith,berrytina@example.net,Science writer,80558.24,2026-06-28 03:15:23,2026-07-20 09:18:20,Y
"242,1,James,Navarro,dustin63@example.org,""Designer, blown glass/stained glass"",75930.92,2026-04-17 10:56:03,2026-04-30 19:21:15,Y"
243,12,Shannon,Saunders,shelley19@example.com,Secondary school teacher,58873.02,2026-03-30 22:50:38,2026-04-07 13:20:07,Y
"244,21,Kenneth,Nash,michaeljones@example.com,""Teacher, special educational needs"",44713.95,2026-06-06 17:14:08,2026-06-30 19:57:09,Y"
"245,10,Crystal,King,rodriguezaaron@example.org,""Programmer, applications"",57687.21,2026-04-17 21:56:52,2026-05-09 21:01:22,Y"
"246,9,Thomas,Lucas,kerrchristopher@example.org,""Solicitor, Scotland"",49876.49,2026-02-10 18:47:33,2026-02-16 22:37:34,N"
"247,19,Matthew,Pacheco,gtaylor@example.net,""Investment banker, corporate"",39869.59,2026-05-19 08:04:39,2026-05-31 20:14:48,Y"
248,18,Brandy,Chaney,glennkennedy@example.com,Training and development officer,88087.89,2026-01-31 13:31:00,2026-02-16 14:54:25,N
249,23,John,Ellis,matthewssteven@example.com,Records manager,58640.07,2026-04-17 12:29:48,2026-05-15 13:54:02,Y
250,19,Gary,Haynes,christophergriffin@example.org,Speech and language therapist,52216.38,2026-05-27 16:51:25,2026-06-08 03:54:44,Y
